     1    5.188258364797E+01
     2    5.198181606829E+01
     3    5.012485198677E+01
     4    5.017840303481E+01
     5    5.023195408285E+01
     6    4.446776583791E+01
     7    5.195052362978E+01
     8    5.009486339986E+01
     9    5.014841444790E+01
    10    5.020191892982E+01
    11    4.444494843483E+01
    12    5.001132376492E+01
    13    5.006487481296E+01
    14    5.011842586100E+01
    15    5.017197690904E+01
    16    4.442217759788E+01
    17    4.450678825378E+01
    18    5.003483965993E+01
    19    5.008839070797E+01
    20    5.014194175601E+01
    21    4.439936019480E+01
    22    4.448397085071E+01
    23    5.000485107303E+01
    24    5.005840212107E+01
    25    5.011195316911E+01
    26    4.437654279172E+01
    27    4.446115344763E+01
    28    4.454576410353E+01
    29    5.002841353416E+01
    30    5.008191801608E+01
    31    4.435377195477E+01
    32    4.443833604455E+01
    33    4.452299326658E+01
    34    4.999837838113E+01
    35    5.005192942917E+01
    36    4.433095455170E+01
    37    4.441556520760E+01
    38    4.450022242963E+01
    39    4.458478651941E+01
    40    5.002194084227E+01
    41    4.430818371475E+01
    42    4.439279437065E+01
    43    4.447740502656E+01
    44    4.456201568246E+01
    45    4.999195225537E+01
    46    4.428536631167E+01
    47    4.436997696757E+01
    48    4.445458762348E+01
    49    4.453919827938E+01
    50    4.462380893528E+01
